6	1.1	1.1	1.37E-02	3.71E-04	1.30E-02	1.19E-01
6.1	0.9	0.9	2.61E-02	7.05E-04	2.46E-02	2.26E-01
6.2	0.8	0.8	3.72E-02	1.01E-03	3.51E-02	3.22E-01
6.3	0.8	0.8	4.74E-02	1.28E-03	4.47E-02	4.10E-01
6.4	0.7	0.7	5.70E-02	1.54E-03	5.38E-02	4.94E-01
6.5	0.7	0.7	6.67E-02	1.80E-03	6.30E-02	5.78E-01
6.6	0.8	0.8	7.72E-02	2.09E-03	7.29E-02	6.69E-01
6.7	0.9	0.9	8.93E-02	2.41E-03	8.44E-02	7.74E-01
6.8	1.0	1.0	1.04E-01	2.80E-03	9.79E-02	8.98E-01
6.9	1.2	1.2	1.21E-01	3.27E-03	1.14E-01	1.05E+00
7	1.4	1.0	1.42E-01	3.83E-03	1.34E-01	1.23E+00
7.1	1.7	1.2	1.66E-01	4.50E-03	1.57E-01	1.44E+00
7.2	2.0	1.5	1.96E-01	5.31E-03	1.85E-01	1.70E+00
7.3	2.5	1.8	2.33E-01	6.30E-03	2.20E-01	2.02E+00
7.4	3.0	2.2	2.78E-01	7.52E-03	2.63E-01	2.41E+00
7.5	3.8	2.7	3.35E-01	9.05E-03	3.16E-01	2.90E+00
7.6	4.7	3.3	4.06E-01	1.10E-02	3.83E-01	3.52E+00
7.7	5.8	4.1	4.95E-01	1.34E-02	4.67E-01	4.29E+00
7.8	7.2	5.1	6.06E-01	1.64E-02	5.73E-01	5.26E+00
7.9	8.9	6.3	7.45E-01	2.01E-02	7.04E-01	6.46E+00
8	10.9	3.0	9.17E-01	2.48E-02	8.66E-01	7.95E+00
8.1	13.2	3.7	1.13E+00	3.05E-02	1.07E+00	9.77E+00
8.2	16.0	4.4	1.38E+00	3.74E-02	1.31E+00	1.20E+01
8.3	19.1	5.3	1.69E+00	4.58E-02	1.60E+00	1.47E+01
8.4	22.7	6.3	2.07E+00	5.58E-02	1.95E+00	1.79E+01
8.5	26.8	7.4	2.51E+00	6.77E-02	2.37E+00	2.17E+01
8.6	31.3	8.6	3.03E+00	8.18E-02	2.86E+00	2.62E+01
8.7	36.4	10.0	3.64E+00	9.82E-02	3.43E+00	3.15E+01
8.8	42.0	11.6	4.34E+00	1.17E-01	4.10E+00	3.76E+01
8.9	48.2	13.3	5.16E+00	1.40E-01	4.88E+00	4.48E+01
9	55.0	17.7	6.11E+00	1.65E-01	5.77E+00	5.29E+01
9.1	62.5	20.0	7.19E+00	1.94E-01	6.79E+00	6.23E+01
9.2	70.4	22.6	8.41E+00	2.27E-01	7.94E+00	7.29E+01
9.3	78.7	25.3	9.79E+00	2.65E-01	9.25E+00	8.48E+01
9.4	87.2	28.0	1.13E+01	3.06E-01	1.07E+01	9.82E+01
9.5	95.8	30.8	1.30E+01	3.52E-01	1.23E+01	1.13E+02
9.6	104.4	33.5	1.49E+01	4.03E-01	1.41E+01	1.29E+02
9.7	112.8	36.2	1.69E+01	4.58E-01	1.60E+01	1.47E+02
9.8	121.0	38.8	1.92E+01	5.18E-01	1.81E+01	1.66E+02
9.9	128.7	41.3	2.15E+01	5.81E-01	2.03E+01	1.86E+02
10	135.8	22.0	2.40E+01	6.49E-01	2.27E+01	2.08E+02
10.1	142.2	23.0	2.67E+01	7.21E-01	2.52E+01	2.31E+02
10.2	148.1	24.0	2.94E+01	7.96E-01	2.78E+01	2.55E+02
10.3	153.3	24.8	3.23E+01	8.74E-01	3.05E+01	2.80E+02
10.4	158.1	25.6	3.53E+01	9.55E-01	3.34E+01	3.06E+02
10.5	162.5	26.3	3.84E+01	1.04E+00	3.63E+01	3.33E+02
10.6	166.4	27.0	4.16E+01	1.13E+00	3.93E+01	3.61E+02
10.7	170.1	27.6	4.49E+01	1.21E+00	4.24E+01	3.89E+02
10.8	173.6	28.1	4.83E+01	1.31E+00	4.56E+01	4.19E+02
10.9	176.9	28.7	5.18E+01	1.40E+00	4.89E+01	4.49E+02
11	180.2	8.7	5.54E+01	1.50E+00	5.23E+01	4.80E+02
11.1	183.4	8.8	5.90E+01	1.59E+00	5.57E+01	5.11E+02
11.2	186.6	9.0	6.27E+01	1.70E+00	5.93E+01	5.44E+02
11.3	189.7	9.1	6.66E+01	1.80E+00	6.29E+01	5.77E+02
11.4	192.8	9.3	7.05E+01	1.90E+00	6.66E+01	6.11E+02
11.5	195.8	9.4	7.45E+01	2.01E+00	7.03E+01	6.45E+02
11.6	198.8	9.6	7.85E+01	2.12E+00	7.42E+01	6.81E+02
11.7	201.6	9.7	8.27E+01	2.24E+00	7.81E+01	7.17E+02
11.8	204.3	9.8	8.70E+01	2.35E+00	8.21E+01	7.54E+02
11.9	206.9	10.0	9.13E+01	2.47E+00	8.62E+01	7.91E+02
12	209.4	9.7	9.57E+01	2.59E+00	9.04E+01	8.29E+02
12.1	211.7	9.8	1.00E+02	2.71E+00	9.46E+01	8.68E+02
12.2	213.9	9.9	1.05E+02	2.83E+00	9.89E+01	9.07E+02
12.3	215.9	10.0	1.09E+02	2.96E+00	1.03E+02	9.48E+02
12.4	217.8	10.1	1.14E+02	3.08E+00	1.08E+02	9.88E+02
12.5	219.6	10.2	1.19E+02	3.21E+00	1.12E+02	1.03E+03
12.6	221.2	10.3	1.24E+02	3.34E+00	1.17E+02	1.07E+03
12.7	222.7	10.3	1.28E+02	3.47E+00	1.21E+02	1.11E+03
12.8	224.1	10.4	1.33E+02	3.61E+00	1.26E+02	1.16E+03
12.9	225.4	10.5	1.38E+02	3.74E+00	1.31E+02	1.20E+03
13	226.6	10.5	1.43E+02	3.88E+00	1.36E+02	1.24E+03
13.1	227.7	10.6	1.49E+02	4.02E+00	1.40E+02	1.29E+03
13.2	228.7	10.6	1.54E+02	4.15E+00	1.45E+02	1.33E+03
13.3	229.6	10.7	1.59E+02	4.30E+00	1.50E+02	1.38E+03
13.4	230.5	10.7	1.64E+02	4.44E+00	1.55E+02	1.42E+03
13.5	231.2	10.7	1.69E+02	4.58E+00	1.60E+02	1.47E+03
13.6	231.9	10.8	1.75E+02	4.73E+00	1.65E+02	1.52E+03
13.7	232.6	10.8	1.80E+02	4.87E+00	1.70E+02	1.56E+03
13.8	233.1	10.8	1.86E+02	5.02E+00	1.75E+02	1.61E+03
13.9	233.6	10.9	1.91E+02	5.16E+00	1.80E+02	1.66E+03
14	234.1	10.8	1.97E+02	5.31E+00	1.86E+02	1.70E+03
14.1	234.5	10.8	2.02E+02	5.46E+00	1.91E+02	1.75E+03
14.2	234.9	10.9	2.08E+02	5.61E+00	1.96E+02	1.80E+03
14.3	235.2	10.9	2.13E+02	5.77E+00	2.02E+02	1.85E+03
14.4	235.5	10.9	2.19E+02	5.92E+00	2.07E+02	1.90E+03
14.5	235.8	10.9	2.25E+02	6.07E+00	2.12E+02	1.95E+03
14.6	236.0	10.9	2.30E+02	6.23E+00	2.18E+02	2.00E+03
14.7	236.2	10.9	2.36E+02	6.38E+00	2.23E+02	2.05E+03
14.8	236.3	10.9	2.42E+02	6.54E+00	2.29E+02	2.10E+03
14.9	236.5	10.9	2.48E+02	6.70E+00	2.34E+02	2.15E+03
15	236.6	10.9	2.54E+02	6.85E+00	2.40E+02	2.20E+03
15.1	236.7	10.9	2.60E+02	7.01E+00	2.45E+02	2.25E+03
15.2	236.7	10.9	2.65E+02	7.17E+00	2.51E+02	2.30E+03
15.3	236.8	10.9	2.71E+02	7.33E+00	2.56E+02	2.35E+03
15.4	236.8	10.9	2.77E+02	7.50E+00	2.62E+02	2.40E+03
15.5	236.8	10.9	2.83E+02	7.66E+00	2.68E+02	2.46E+03
15.6	236.7	10.9	2.89E+02	7.82E+00	2.73E+02	2.51E+03
15.7	236.7	10.9	2.95E+02	7.98E+00	2.79E+02	2.56E+03
15.8	236.5	10.9	3.01E+02	8.15E+00	2.85E+02	2.61E+03
15.9	236.4	10.9	3.08E+02	8.31E+00	2.91E+02	2.67E+03
16	236.2	11.5	3.14E+02	8.48E+00	2.96E+02	2.72E+03
16.1	236.0	11.5	3.20E+02	8.64E+00	3.02E+02	2.77E+03
16.2	235.8	11.5	3.26E+02	8.81E+00	3.08E+02	2.83E+03
16.3	235.5	11.5	3.32E+02	8.98E+00	3.14E+02	2.88E+03
16.4	235.1	11.5	3.38E+02	9.15E+00	3.20E+02	2.93E+03
16.5	234.7	11.4	3.45E+02	9.31E+00	3.26E+02	2.99E+03
16.6	234.3	11.4	3.51E+02	9.48E+00	3.31E+02	3.04E+03
16.7	233.8	11.4	3.57E+02	9.65E+00	3.37E+02	3.09E+03
16.8	233.3	11.4	3.63E+02	9.82E+00	3.43E+02	3.15E+03
16.9	232.7	11.3	3.70E+02	9.99E+00	3.49E+02	3.20E+03
17	232.0	11.3	3.76E+02	1.02E+01	3.55E+02	3.26E+03
17.1	231.2	11.3	3.82E+02	1.03E+01	3.61E+02	3.31E+03
17.2	230.4	11.2	3.89E+02	1.05E+01	3.67E+02	3.37E+03
17.3	229.5	11.2	3.95E+02	1.07E+01	3.73E+02	3.42E+03
17.4	228.5	11.1	4.01E+02	1.08E+01	3.79E+02	3.48E+03
17.5	227.5	11.1	4.07E+02	1.10E+01	3.85E+02	3.53E+03
17.6	226.3	11.0	4.14E+02	1.12E+01	3.91E+02	3.59E+03
17.7	225.1	11.0	4.20E+02	1.14E+01	3.97E+02	3.64E+03
17.8	223.8	10.9	4.26E+02	1.15E+01	4.03E+02	3.69E+03
17.9	222.4	10.8	4.33E+02	1.17E+01	4.09E+02	3.75E+03
18	220.8	12.0	4.39E+02	1.19E+01	4.14E+02	3.80E+03
18.1	219.2	11.9	4.45E+02	1.20E+01	4.20E+02	3.86E+03
18.2	217.5	11.8	4.51E+02	1.22E+01	4.26E+02	3.91E+03
18.3	215.7	11.7	4.57E+02	1.24E+01	4.32E+02	3.96E+03
18.4	213.8	11.6	4.64E+02	1.25E+01	4.38E+02	4.02E+03
18.5	211.7	11.5	4.70E+02	1.27E+01	4.44E+02	4.07E+03
18.6	209.6	11.4	4.76E+02	1.29E+01	4.49E+02	4.12E+03
18.7	207.4	11.2	4.82E+02	1.30E+01	4.55E+02	4.17E+03
18.8	205.1	11.1	4.88E+02	1.32E+01	4.61E+02	4.23E+03
18.9	202.7	11.0	4.94E+02	1.33E+01	4.66E+02	4.28E+03
19	200.1	10.8	5.00E+02	1.35E+01	4.72E+02	4.33E+03
19.1	197.5	10.7	5.05E+02	1.37E+01	4.77E+02	4.38E+03
19.2	194.8	10.5	5.11E+02	1.38E+01	4.83E+02	4.43E+03
19.3	192.0	10.4	5.17E+02	1.40E+01	4.88E+02	4.48E+03
19.4	189.1	10.2	5.23E+02	1.41E+01	4.93E+02	4.53E+03
19.5	186.2	10.1	5.28E+02	1.43E+01	4.99E+02	4.58E+03
19.6	183.2	9.9	5.34E+02	1.44E+01	5.04E+02	4.62E+03
19.7	180.1	9.8	5.39E+02	1.46E+01	5.09E+02	4.67E+03
19.8	177.0	9.6	5.44E+02	1.47E+01	5.14E+02	4.72E+03
19.9	173.8	9.4	5.50E+02	1.49E+01	5.19E+02	4.76E+03
20	170.6	9.3	5.55E+02	1.50E+01	5.24E+02	4.81E+03
20.1	167.3	9.1	5.60E+02	1.51E+01	5.29E+02	4.85E+03
20.2	164.1	8.9	5.65E+02	1.53E+01	5.34E+02	4.90E+03
20.3	160.8	8.7	5.70E+02	1.54E+01	5.38E+02	4.94E+03
20.4	157.4	8.6	5.75E+02	1.55E+01	5.43E+02	4.98E+03
20.5	154.1	8.4	5.80E+02	1.57E+01	5.48E+02	5.02E+03
20.6	150.8	8.2	5.84E+02	1.58E+01	5.52E+02	5.06E+03
20.7	147.4	8.0	5.89E+02	1.59E+01	5.56E+02	5.10E+03
20.8	144.1	7.8	5.94E+02	1.60E+01	5.61E+02	5.14E+03
20.9	140.7	7.7	5.98E+02	1.62E+01	5.65E+02	5.18E+03
21	137.4	7.5	6.02E+02	1.63E+01	5.69E+02	5.22E+03
21.1	134.1	7.3	6.07E+02	1.64E+01	5.73E+02	5.26E+03
21.2	130.9	7.1	6.11E+02	1.65E+01	5.77E+02	5.29E+03
21.3	127.6	6.9	6.15E+02	1.66E+01	5.81E+02	5.33E+03
21.4	124.4	6.8	6.19E+02	1.67E+01	5.84E+02	5.36E+03
21.5	121.3	6.6	6.23E+02	1.68E+01	5.88E+02	5.40E+03
21.6	118.1	6.4	6.27E+02	1.69E+01	5.92E+02	5.43E+03
21.7	115.1	6.3	6.30E+02	1.70E+01	5.95E+02	5.46E+03
21.8	112.1	6.1	6.34E+02	1.71E+01	5.99E+02	5.49E+03
21.9	109.1	5.9	6.38E+02	1.72E+01	6.02E+02	5.52E+03
22	106.2	6.8	6.41E+02	1.73E+01	6.05E+02	5.56E+03
22.1	103.4	6.6	6.44E+02	1.74E+01	6.09E+02	5.58E+03
22.2	100.7	6.4	6.48E+02	1.75E+01	6.12E+02	5.61E+03
22.3	98.1	6.3	6.51E+02	1.76E+01	6.15E+02	5.64E+03
22.4	95.5	6.1	6.54E+02	1.77E+01	6.18E+02	5.67E+03
22.5	93.0	6.0	6.57E+02	1.78E+01	6.21E+02	5.70E+03
22.6	90.5	5.8	6.60E+02	1.78E+01	6.24E+02	5.72E+03
22.7	88.1	5.6	6.63E+02	1.79E+01	6.27E+02	5.75E+03
22.8	85.8	5.5	6.66E+02	1.80E+01	6.29E+02	5.77E+03
22.9	83.6	5.4	6.69E+02	1.81E+01	6.32E+02	5.80E+03
23	81.4	5.2	6.72E+02	1.82E+01	6.35E+02	5.82E+03
23.1	79.3	5.1	6.75E+02	1.82E+01	6.37E+02	5.85E+03
23.2	77.3	4.9	6.77E+02	1.83E+01	6.40E+02	5.87E+03
23.3	75.3	4.8	6.80E+02	1.84E+01	6.42E+02	5.89E+03
23.4	73.4	4.7	6.82E+02	1.84E+01	6.44E+02	5.91E+03
23.5	71.5	4.6	6.85E+02	1.85E+01	6.47E+02	5.93E+03
23.6	69.7	4.5	6.87E+02	1.86E+01	6.49E+02	5.96E+03
23.7	68.0	4.4	6.90E+02	1.86E+01	6.51E+02	5.98E+03
23.8	66.3	4.2	6.92E+02	1.87E+01	6.53E+02	6.00E+03
23.9	64.7	4.1	6.94E+02	1.88E+01	6.56E+02	6.02E+03
24	63.1	4.4	6.96E+02	1.88E+01	6.58E+02	6.03E+03
24.1	61.6	4.3	6.99E+02	1.89E+01	6.60E+02	6.05E+03
24.2	60.2	4.2	7.01E+02	1.89E+01	6.62E+02	6.07E+03
24.3	58.8	4.1	7.03E+02	1.90E+01	6.64E+02	6.09E+03
24.4	57.4	4.0	7.05E+02	1.90E+01	6.66E+02	6.11E+03
24.5	56.1	3.9	7.07E+02	1.91E+01	6.68E+02	6.12E+03
24.6	54.9	3.8	7.09E+02	1.92E+01	6.69E+02	6.14E+03
24.7	53.7	3.7	7.11E+02	1.92E+01	6.71E+02	6.16E+03
24.8	52.6	3.7	7.13E+02	1.93E+01	6.73E+02	6.17E+03
24.9	51.5	3.6	7.14E+02	1.93E+01	6.75E+02	6.19E+03
25	50.4	3.5	7.16E+02	1.94E+01	6.76E+02	6.21E+03
25.1	49.4	3.4	7.18E+02	1.94E+01	6.78E+02	6.22E+03
25.2	48.4	3.4	7.20E+02	1.95E+01	6.80E+02	6.24E+03
25.3	47.5	3.3	7.21E+02	1.95E+01	6.81E+02	6.25E+03
25.4	46.6	3.2	7.23E+02	1.95E+01	6.83E+02	6.27E+03
25.5	45.7	3.2	7.25E+02	1.96E+01	6.84E+02	6.28E+03
25.6	44.9	3.1	7.26E+02	1.96E+01	6.86E+02	6.29E+03
25.7	44.1	3.1	7.28E+02	1.97E+01	6.88E+02	6.31E+03
25.8	43.3	3.0	7.30E+02	1.97E+01	6.89E+02	6.32E+03
25.9	42.6	3.0	7.31E+02	1.98E+01	6.90E+02	6.34E+03
26	41.8	3.1	7.33E+02	1.98E+01	6.92E+02	6.35E+03
26.1	41.2	3.0	7.34E+02	1.98E+01	6.93E+02	6.36E+03
26.2	40.5	3.0	7.36E+02	1.99E+01	6.95E+02	6.38E+03
26.3	39.9	2.9	7.37E+02	1.99E+01	6.96E+02	6.39E+03
26.4	39.3	2.9	7.39E+02	2.00E+01	6.98E+02	6.40E+03
26.5	38.7	2.8	7.40E+02	2.00E+01	6.99E+02	6.41E+03
26.6	38.1	2.8	7.41E+02	2.00E+01	7.00E+02	6.43E+03
26.7	37.6	2.8	7.43E+02	2.01E+01	7.02E+02	6.44E+03
26.8	37.1	2.7	7.44E+02	2.01E+01	7.03E+02	6.45E+03
26.9	36.6	2.7	7.46E+02	2.02E+01	7.04E+02	6.46E+03
27	36.1	2.7	7.47E+02	2.02E+01	7.06E+02	6.47E+03
27.1	35.6	2.6	7.48E+02	2.02E+01	7.07E+02	6.49E+03
27.2	35.2	2.6	7.50E+02	2.03E+01	7.08E+02	6.50E+03
27.3	34.8	2.6	7.51E+02	2.03E+01	7.09E+02	6.51E+03
27.4	34.4	2.5	7.52E+02	2.03E+01	7.11E+02	6.52E+03
27.5	34.0	2.5	7.54E+02	2.04E+01	7.12E+02	6.53E+03
27.6	33.6	2.5	7.55E+02	2.04E+01	7.13E+02	6.54E+03
27.7	33.2	2.4	7.56E+02	2.04E+01	7.14E+02	6.55E+03
27.8	32.9	2.4	7.58E+02	2.05E+01	7.15E+02	6.56E+03
27.9	32.6	2.4	7.59E+02	2.05E+01	7.17E+02	6.58E+03
28	32.2	2.5	7.60E+02	2.05E+01	7.18E+02	6.59E+03
28.1	31.9	2.5	7.61E+02	2.06E+01	7.19E+02	6.60E+03
28.2	31.6	2.5	7.63E+02	2.06E+01	7.20E+02	6.61E+03
28.3	31.4	2.4	7.64E+02	2.06E+01	7.21E+02	6.62E+03
28.4	31.1	2.4	7.65E+02	2.07E+01	7.23E+02	6.63E+03
28.5	30.8	2.4	7.66E+02	2.07E+01	7.24E+02	6.64E+03
28.6	30.6	2.4	7.68E+02	2.07E+01	7.25E+02	6.65E+03
28.7	30.3	2.4	7.69E+02	2.08E+01	7.26E+02	6.66E+03
28.8	30.1	2.3	7.70E+02	2.08E+01	7.27E+02	6.67E+03
28.9	29.9	2.3	7.71E+02	2.08E+01	7.28E+02	6.68E+03
29	29.7	2.3	7.72E+02	2.09E+01	7.30E+02	6.69E+03
29.1	29.4	2.3	7.74E+02	2.09E+01	7.31E+02	6.70E+03
29.2	29.3	2.3	7.75E+02	2.09E+01	7.32E+02	6.71E+03
29.3	29.1	2.3	7.76E+02	2.10E+01	7.33E+02	6.72E+03
29.4	28.9	2.2	7.77E+02	2.10E+01	7.34E+02	6.74E+03
29.5	28.7	2.2	7.78E+02	2.10E+01	7.35E+02	6.75E+03
29.6	28.5	2.2	7.80E+02	2.11E+01	7.36E+02	6.76E+03
29.7	28.4	2.2	7.81E+02	2.11E+01	7.37E+02	6.77E+03
29.8	28.2	2.2	7.82E+02	2.11E+01	7.38E+02	6.78E+03
29.9	28.1	2.2	7.83E+02	2.12E+01	7.40E+02	6.79E+03
30	27.9	2.2	7.84E+02	2.12E+01	7.41E+02	6.80E+03
30.1	27.8	2.2	7.85E+02	2.12E+01	7.42E+02	6.81E+03
30.2	27.7	2.2	7.87E+02	2.13E+01	7.43E+02	6.82E+03
30.3	27.5	2.2	7.88E+02	2.13E+01	7.44E+02	6.83E+03
30.4	27.4	2.2	7.89E+02	2.13E+01	7.45E+02	6.84E+03
30.5	27.3	2.2	7.90E+02	2.14E+01	7.46E+02	6.85E+03
30.6	27.2	2.2	7.91E+02	2.14E+01	7.47E+02	6.86E+03
30.7	27.1	2.2	7.92E+02	2.14E+01	7.48E+02	6.87E+03
30.8	27.0	2.2	7.93E+02	2.14E+01	7.49E+02	6.88E+03
30.9	26.9	2.2	7.95E+02	2.15E+01	7.50E+02	6.89E+03
31	26.8	2.2	7.96E+02	2.15E+01	7.51E+02	6.90E+03
31.1	26.7	2.1	7.97E+02	2.15E+01	7.53E+02	6.91E+03
31.2	26.6	2.1	7.98E+02	2.16E+01	7.54E+02	6.91E+03
31.3	26.5	2.1	7.99E+02	2.16E+01	7.55E+02	6.92E+03
31.4	26.4	2.1	8.00E+02	2.16E+01	7.56E+02	6.93E+03
31.5	26.4	2.1	8.01E+02	2.17E+01	7.57E+02	6.94E+03
31.6	26.3	2.1	8.02E+02	2.17E+01	7.58E+02	6.95E+03
31.7	26.2	2.1	8.04E+02	2.17E+01	7.59E+02	6.96E+03
31.8	26.2	2.1	8.05E+02	2.17E+01	7.60E+02	6.97E+03
31.9	26.1	2.1	8.06E+02	2.18E+01	7.61E+02	6.98E+03
32	26.0	2.3	8.07E+02	2.18E+01	7.62E+02	6.99E+03
32.1	26.0	2.3	8.08E+02	2.18E+01	7.63E+02	7.00E+03
32.2	25.9	2.2	8.09E+02	2.19E+01	7.64E+02	7.01E+03
32.3	25.9	2.2	8.10E+02	2.19E+01	7.65E+02	7.02E+03
32.4	25.8	2.2	8.11E+02	2.19E+01	7.66E+02	7.03E+03
32.5	25.8	2.2	8.12E+02	2.20E+01	7.67E+02	7.04E+03
32.6	25.7	2.2	8.14E+02	2.20E+01	7.68E+02	7.05E+03
32.7	25.7	2.2	8.15E+02	2.20E+01	7.69E+02	7.06E+03
32.8	25.6	2.2	8.16E+02	2.20E+01	7.71E+02	7.07E+03
32.9	25.6	2.2	8.17E+02	2.21E+01	7.72E+02	7.08E+03
33	25.5	2.2	8.18E+02	2.21E+01	7.73E+02	7.09E+03
33.1	25.5	2.2	8.19E+02	2.21E+01	7.74E+02	7.10E+03
33.2	25.5	2.2	8.20E+02	2.22E+01	7.75E+02	7.11E+03
33.3	25.4	2.2	8.21E+02	2.22E+01	7.76E+02	7.12E+03
33.4	25.4	2.2	8.23E+02	2.22E+01	7.77E+02	7.13E+03
33.5	25.4	2.2	8.24E+02	2.23E+01	7.78E+02	7.14E+03
33.6	25.3	2.2	8.25E+02	2.23E+01	7.79E+02	7.15E+03
33.7	25.3	2.2	8.26E+02	2.23E+01	7.80E+02	7.16E+03
33.8	25.3	2.2	8.27E+02	2.24E+01	7.81E+02	7.17E+03
33.9	25.3	2.2	8.28E+02	2.24E+01	7.82E+02	7.18E+03
34	25.2	2.5	8.29E+02	2.24E+01	7.83E+02	7.19E+03
34.1	25.2	2.5	8.30E+02	2.24E+01	7.84E+02	7.20E+03
34.2	25.2	2.5	8.32E+02	2.25E+01	7.85E+02	7.21E+03
34.3	25.2	2.5	8.33E+02	2.25E+01	7.86E+02	7.22E+03
34.4	25.1	2.5	8.34E+02	2.25E+01	7.88E+02	7.23E+03
34.5	25.1	2.5	8.35E+02	2.26E+01	7.89E+02	7.24E+03
34.6	25.1	2.5	8.36E+02	2.26E+01	7.90E+02	7.25E+03
34.7	25.1	2.5	8.37E+02	2.26E+01	7.91E+02	7.26E+03
34.8	25.1	2.5	8.38E+02	2.27E+01	7.92E+02	7.27E+03
34.9	25.1	2.5	8.40E+02	2.27E+01	7.93E+02	7.28E+03
35	25.0	2.5	8.41E+02	2.27E+01	7.94E+02	7.29E+03
35.1	25.0	2.5	8.42E+02	2.28E+01	7.95E+02	7.30E+03
35.2	25.0	2.5	8.43E+02	2.28E+01	7.96E+02	7.31E+03
35.3	25.0	2.5	8.44E+02	2.28E+01	7.97E+02	7.32E+03
35.4	25.0	2.5	8.45E+02	2.28E+01	7.98E+02	7.33E+03
35.5	25.0	2.5	8.47E+02	2.29E+01	7.99E+02	7.34E+03
35.6	25.0	2.5	8.48E+02	2.29E+01	8.01E+02	7.35E+03
35.7	25.0	2.5	8.49E+02	2.29E+01	8.02E+02	7.36E+03
35.8	25.0	2.5	8.50E+02	2.30E+01	8.03E+02	7.37E+03
35.9	25.0	2.5	8.51E+02	2.30E+01	8.04E+02	7.38E+03
36	25.0	3.0	8.52E+02	2.30E+01	8.05E+02	7.39E+03
36.1	24.9	3.0	8.54E+02	2.31E+01	8.06E+02	7.40E+03
36.2	24.9	3.0	8.55E+02	2.31E+01	8.07E+02	7.41E+03
36.3	24.9	3.0	8.56E+02	2.31E+01	8.08E+02	7.42E+03
36.4	24.9	3.0	8.57E+02	2.32E+01	8.10E+02	7.43E+03
36.5	24.9	3.0	8.58E+02	2.32E+01	8.11E+02	7.44E+03
36.6	24.9	3.0	8.60E+02	2.32E+01	8.12E+02	7.45E+03
36.7	24.9	3.0	8.61E+02	2.33E+01	8.13E+02	7.46E+03
36.8	24.9	3.0	8.62E+02	2.33E+01	8.14E+02	7.47E+03
36.9	24.9	3.0	8.63E+02	2.33E+01	8.15E+02	7.48E+03
37	24.9	3.0	8.64E+02	2.34E+01	8.16E+02	7.49E+03
37.1	24.9	3.0	8.66E+02	2.34E+01	8.17E+02	7.50E+03
37.2	24.9	3.0	8.67E+02	2.34E+01	8.19E+02	7.51E+03
37.3	24.9	3.0	8.68E+02	2.35E+01	8.20E+02	7.52E+03
37.4	24.9	3.0	8.69E+02	2.35E+01	8.21E+02	7.53E+03
37.5	24.9	3.0	8.70E+02	2.35E+01	8.22E+02	7.54E+03
37.6	24.9	3.0	8.72E+02	2.36E+01	8.23E+02	7.55E+03
37.7	24.9	3.0	8.73E+02	2.36E+01	8.24E+02	7.56E+03
37.8	24.9	3.0	8.74E+02	2.36E+01	8.26E+02	7.57E+03
37.9	24.9	3.0	8.75E+02	2.37E+01	8.27E+02	7.59E+03
38	24.9	3.4	8.77E+02	2.37E+01	8.28E+02	7.60E+03
38.1	24.9	3.4	8.78E+02	2.37E+01	8.29E+02	7.61E+03
38.2	24.9	3.4	8.79E+02	2.38E+01	8.30E+02	7.62E+03
38.3	24.9	3.4	8.80E+02	2.38E+01	8.31E+02	7.63E+03
38.4	24.9	3.4	8.81E+02	2.38E+01	8.33E+02	7.64E+03
38.5	25.0	3.4	8.83E+02	2.39E+01	8.34E+02	7.65E+03
38.6	25.0	3.4	8.84E+02	2.39E+01	8.35E+02	7.66E+03
38.7	25.0	3.4	8.85E+02	2.39E+01	8.36E+02	7.67E+03
38.8	25.0	3.4	8.86E+02	2.40E+01	8.37E+02	7.68E+03
38.9	25.0	3.4	8.88E+02	2.40E+01	8.38E+02	7.69E+03
39	25.0	3.4	8.89E+02	2.40E+01	8.40E+02	7.70E+03
39.1	25.0	3.4	8.90E+02	2.41E+01	8.41E+02	7.71E+03
39.2	25.0	3.4	8.91E+02	2.41E+01	8.42E+02	7.73E+03
39.3	25.0	3.4	8.93E+02	2.41E+01	8.43E+02	7.74E+03
39.4	25.0	3.5	8.94E+02	2.42E+01	8.44E+02	7.75E+03
39.5	25.0	3.5	8.95E+02	2.42E+01	8.46E+02	7.76E+03
39.6	25.0	3.5	8.97E+02	2.42E+01	8.47E+02	7.77E+03
39.7	25.0	3.5	8.98E+02	2.43E+01	8.48E+02	7.78E+03
39.8	25.0	3.5	8.99E+02	2.43E+01	8.49E+02	7.79E+03
39.9	25.0	3.5	9.00E+02	2.43E+01	8.50E+02	7.80E+03
40	25.0	4.3	9.02E+02	2.44E+01	8.52E+02	7.81E+03
40.1	25.0	4.3	9.03E+02	2.44E+01	8.53E+02	7.83E+03
40.2	25.0	4.3	9.04E+02	2.44E+01	8.54E+02	7.84E+03
40.3	25.1	4.3	9.06E+02	2.45E+01	8.55E+02	7.85E+03
40.4	25.1	4.3	9.07E+02	2.45E+01	8.57E+02	7.86E+03
40.5	25.1	4.3	9.08E+02	2.45E+01	8.58E+02	7.87E+03
40.6	25.1	4.3	9.10E+02	2.46E+01	8.59E+02	7.88E+03
40.7	25.1	4.3	9.11E+02	2.46E+01	8.60E+02	7.89E+03
40.8	25.1	4.3	9.12E+02	2.47E+01	8.62E+02	7.90E+03
40.9	25.1	4.3	9.14E+02	2.47E+01	8.63E+02	7.92E+03
41	25.1	4.3	9.15E+02	2.47E+01	8.64E+02	7.93E+03
41.1	25.1	4.3	9.16E+02	2.48E+01	8.65E+02	7.94E+03
41.2	25.1	4.3	9.17E+02	2.48E+01	8.67E+02	7.95E+03
41.3	25.1	4.3	9.19E+02	2.48E+01	8.68E+02	7.96E+03
41.4	25.1	4.3	9.20E+02	2.49E+01	8.69E+02	7.97E+03
41.5	25.1	4.3	9.21E+02	2.49E+01	8.70E+02	7.99E+03
41.6	25.2	4.3	9.23E+02	2.49E+01	8.72E+02	8.00E+03
41.7	25.2	4.3	9.24E+02	2.50E+01	8.73E+02	8.01E+03
41.8	25.2	4.3	9.26E+02	2.50E+01	8.74E+02	8.02E+03
41.9	25.2	4.3	9.27E+02	2.51E+01	8.75E+02	8.03E+03
42	25.2	4.3	9.28E+02	2.51E+01	8.77E+02	8.04E+03
42.1	25.2	4.3	9.30E+02	2.51E+01	8.78E+02	8.06E+03
42.2	25.2	4.3	9.31E+02	2.52E+01	8.79E+02	8.07E+03
42.3	25.2	4.3	9.32E+02	2.52E+01	8.81E+02	8.08E+03
42.4	25.2	4.3	9.34E+02	2.52E+01	8.82E+02	8.09E+03
42.5	25.2	4.3	9.35E+02	2.53E+01	8.83E+02	8.10E+03
42.6	25.2	4.3	9.36E+02	2.53E+01	8.84E+02	8.12E+03
42.7	25.2	4.3	9.38E+02	2.53E+01	8.86E+02	8.13E+03
42.8	25.3	4.3	9.39E+02	2.54E+01	8.87E+02	8.14E+03
42.9	25.3	4.3	9.41E+02	2.54E+01	8.88E+02	8.15E+03
43	25.3	4.3	9.42E+02	2.55E+01	8.90E+02	8.16E+03
43.1	25.3	4.3	9.43E+02	2.55E+01	8.91E+02	8.17E+03
43.2	25.3	4.3	9.45E+02	2.55E+01	8.92E+02	8.19E+03
43.3	25.3	4.3	9.46E+02	2.56E+01	8.94E+02	8.20E+03
43.4	25.3	4.3	9.48E+02	2.56E+01	8.95E+02	8.21E+03
43.5	25.3	4.3	9.49E+02	2.56E+01	8.96E+02	8.22E+03
43.6	25.3	4.3	9.50E+02	2.57E+01	8.98E+02	8.24E+03
43.7	25.3	4.3	9.52E+02	2.57E+01	8.99E+02	8.25E+03
43.8	25.3	4.3	9.53E+02	2.58E+01	9.00E+02	8.26E+03
43.9	25.4	4.3	9.55E+02	2.58E+01	9.02E+02	8.27E+03
44	25.4	4.3	9.56E+02	2.58E+01	9.03E+02	8.28E+03
44.1	25.4	4.3	9.57E+02	2.59E+01	9.04E+02	8.30E+03
44.2	25.4	4.3	9.59E+02	2.59E+01	9.06E+02	8.31E+03
44.3	25.4	4.3	9.60E+02	2.60E+01	9.07E+02	8.32E+03
44.4	25.4	4.3	9.62E+02	2.60E+01	9.08E+02	8.33E+03
44.5	25.4	4.3	9.63E+02	2.60E+01	9.10E+02	8.35E+03
44.6	25.4	4.3	9.64E+02	2.61E+01	9.11E+02	8.36E+03
44.7	25.4	4.3	9.66E+02	2.61E+01	9.12E+02	8.37E+03
44.8	25.4	4.3	9.67E+02	2.61E+01	9.14E+02	8.38E+03
44.9	25.4	4.3	9.69E+02	2.62E+01	9.15E+02	8.40E+03
45	25.5	5.3	9.70E+02	2.62E+01	9.16E+02	8.41E+03
45.1	25.5	5.3	9.72E+02	2.63E+01	9.18E+02	8.42E+03
45.2	25.5	5.3	9.73E+02	2.63E+01	9.19E+02	8.43E+03
45.3	25.5	5.3	9.75E+02	2.63E+01	9.20E+02	8.45E+03
45.4	25.5	5.3	9.76E+02	2.64E+01	9.22E+02	8.46E+03
45.5	25.5	5.3	9.77E+02	2.64E+01	9.23E+02	8.47E+03
45.6	25.5	5.3	9.79E+02	2.65E+01	9.24E+02	8.48E+03
45.7	25.5	5.3	9.80E+02	2.65E+01	9.26E+02	8.50E+03
45.8	25.5	5.3	9.82E+02	2.65E+01	9.27E+02	8.51E+03
45.9	25.5	5.3	9.83E+02	2.66E+01	9.29E+02	8.52E+03
46	25.5	5.3	9.85E+02	2.66E+01	9.30E+02	8.53E+03
46.1	25.5	5.3	9.86E+02	2.67E+01	9.31E+02	8.55E+03
46.2	25.6	5.3	9.88E+02	2.67E+01	9.33E+02	8.56E+03
46.3	25.6	5.3	9.89E+02	2.67E+01	9.34E+02	8.57E+03
46.4	25.6	5.3	9.91E+02	2.68E+01	9.36E+02	8.58E+03
46.5	25.6	5.4	9.92E+02	2.68E+01	9.37E+02	8.60E+03
46.6	25.6	5.4	9.93E+02	2.69E+01	9.38E+02	8.61E+03
46.7	25.6	5.4	9.95E+02	2.69E+01	9.40E+02	8.62E+03
46.8	25.6	5.4	9.96E+02	2.69E+01	9.41E+02	8.63E+03
46.9	25.6	5.4	9.98E+02	2.70E+01	9.42E+02	8.65E+03
47	25.6	5.4	9.99E+02	2.70E+01	9.44E+02	8.66E+03
47.1	25.6	5.4	1.00E+03	2.71E+01	9.45E+02	8.67E+03
47.2	25.6	5.4	1.00E+03	2.71E+01	9.47E+02	8.69E+03
47.3	25.6	5.4	1.00E+03	2.71E+01	9.48E+02	8.70E+03
47.4	25.7	5.4	1.01E+03	2.72E+01	9.49E+02	8.71E+03
47.5	25.7	5.4	1.01E+03	2.72E+01	9.51E+02	8.72E+03
47.6	25.7	5.4	1.01E+03	2.73E+01	9.52E+02	8.74E+03
47.7	25.7	5.4	1.01E+03	2.73E+01	9.54E+02	8.75E+03
47.8	25.7	5.4	1.01E+03	2.73E+01	9.55E+02	8.76E+03
47.9	25.7	5.4	1.01E+03	2.74E+01	9.57E+02	8.78E+03
48	25.7	5.4	1.01E+03	2.74E+01	9.58E+02	8.79E+03
48.1	25.7	5.4	1.02E+03	2.75E+01	9.59E+02	8.80E+03
48.2	25.7	5.4	1.02E+03	2.75E+01	9.61E+02	8.82E+03
48.3	25.7	5.4	1.02E+03	2.75E+01	9.62E+02	8.83E+03
48.4	25.7	5.4	1.02E+03	2.76E+01	9.64E+02	8.84E+03
48.5	25.7	5.4	1.02E+03	2.76E+01	9.65E+02	8.86E+03
48.6	25.8	5.4	1.02E+03	2.77E+01	9.67E+02	8.87E+03
48.7	25.8	5.4	1.02E+03	2.77E+01	9.68E+02	8.88E+03
48.8	25.8	5.4	1.03E+03	2.77E+01	9.69E+02	8.90E+03
48.9	25.8	5.4	1.03E+03	2.78E+01	9.71E+02	8.91E+03
49	25.8	5.4	1.03E+03	2.78E+01	9.72E+02	8.92E+03
49.1	25.8	5.4	1.03E+03	2.79E+01	9.74E+02	8.94E+03
49.2	25.8	5.4	1.03E+03	2.79E+01	9.75E+02	8.95E+03
49.3	25.8	5.4	1.03E+03	2.79E+01	9.77E+02	8.96E+03
49.4	25.8	5.4	1.04E+03	2.80E+01	9.78E+02	8.98E+03
49.5	25.8	5.4	1.04E+03	2.80E+01	9.80E+02	8.99E+03
49.6	25.8	5.4	1.04E+03	2.81E+01	9.81E+02	9.00E+03
49.7	25.8	5.4	1.04E+03	2.81E+01	9.83E+02	9.02E+03
49.8	25.9	5.4	1.04E+03	2.82E+01	9.84E+02	9.03E+03
49.9	25.9	5.4	1.04E+03	2.82E+01	9.85E+02	9.04E+03
50	25.9	5.4	1.05E+03	2.82E+01	9.87E+02	9.06E+03
						
						
						
						
						
						
						
						
						
						
						
						
						
						
						
						
						
						
						
						
						
						
						
						
						
						
						
						
						
						
						
						
						
						
						
						
						
						
						
						
						
						
