1.000E-03 4.272E+01 
1.500E-03 5.171E+01 
2.000E-03 5.926E+01 
2.500E-03 6.591E+01 
3.000E-03 7.191E+01 
4.000E-03 8.255E+01 
5.000E-03 9.193E+01 
6.000E-03 1.004E+02 
7.000E-03 1.082E+02 
8.000E-03 1.155E+02 
9.000E-03 1.223E+02 
1.000E-02 1.287E+02 
1.250E-02 1.417E+02 
1.500E-02 1.532E+02 
1.750E-02 1.634E+02 
2.000E-02 1.728E+02 
2.250E-02 1.813E+02 
2.500E-02 1.892E+02 
2.750E-02 1.964E+02 
3.000E-02 2.032E+02 
3.500E-02 2.152E+02 
4.000E-02 2.256E+02 
4.500E-02 2.346E+02 
5.000E-02 2.424E+02 
5.500E-02 2.490E+02 
6.000E-02 2.546E+02 
6.500E-02 2.593E+02 
7.000E-02 2.632E+02 
7.500E-02 2.663E+02 
8.000E-02 2.688E+02 
8.500E-02 2.706E+02 
9.000E-02 2.718E+02 
9.500E-02 2.726E+02 
1.000E-01 2.729E+02 
1.250E-01 2.691E+02 
1.500E-01 2.599E+02 
1.750E-01 2.483E+02 
2.000E-01 2.361E+02 
2.250E-01 2.243E+02 
2.500E-01 2.133E+02 
2.750E-01 2.033E+02 
3.000E-01 1.944E+02 
3.500E-01 1.791E+02 
4.000E-01 1.668E+02 
4.500E-01 1.567E+02 
5.000E-01 1.483E+02 
5.500E-01 1.412E+02 
6.000E-01 1.350E+02 
6.500E-01 1.296E+02 
7.000E-01 1.248E+02 
7.500E-01 1.205E+02 
8.000E-01 1.165E+02 
8.500E-01 1.127E+02 
9.000E-01 1.092E+02 
9.500E-01 1.058E+02 
1.000E+00 1.027E+02 
1.250E+00 8.987E+01 
1.500E+00 8.040E+01 
1.750E+00 7.320E+01 
2.000E+00 6.756E+01 
2.250E+00 6.299E+01 
2.500E+00 5.912E+01 
2.750E+00 5.582E+01 
3.000E+00 5.293E+01 
3.500E+00 4.811E+01 
4.000E+00 4.425E+01 
4.500E+00 4.104E+01 
5.000E+00 3.831E+01 
5.500E+00 3.596E+01 
6.000E+00 3.395E+01 
6.500E+00 3.217E+01 
7.000E+00 3.060E+01 
7.500E+00 2.919E+01 
8.000E+00 2.793E+01 
8.500E+00 2.678E+01 
9.000E+00 2.574E+01 
9.500E+00 2.479E+01 
1.000E+01 2.391E+01 
1.250E+01 2.042E+01 
1.500E+01 1.791E+01 
1.750E+01 1.601E+01 
2.000E+01 1.452E+01 
2.500E+01 1.231E+01 
2.750E+01 1.147E+01 
3.000E+01 1.075E+01 
3.500E+01 9.585E+00 
4.000E+01 8.677E+00 
4.500E+01 7.948E+00 
5.000E+01 7.350E+00 
5.500E+01 6.849E+00 
6.000E+01 6.423E+00 
6.500E+01 6.056E+00 
7.000E+01 5.736E+00 
7.500E+01 5.455E+00 
8.000E+01 5.206E+00 
8.500E+01 4.984E+00 
9.000E+01 4.784E+00 
9.500E+01 4.603E+00 
1.000E+02 4.439E+00 
1.250E+02 3.802E+00 
1.500E+02 3.364E+00 
1.750E+02 3.043E+00 
2.000E+02 2.799E+00 
2.250E+02 2.607E+00 
2.500E+02 2.452E+00 
2.750E+02 2.324E+00 
3.000E+02 2.217E+00 
3.500E+02 2.048E+00 
4.000E+02 1.922E+00 
4.500E+02 1.824E+00 
5.000E+02 1.746E+00 
5.500E+02 1.684E+00 
6.000E+02 1.632E+00 
6.500E+02 1.589E+00 
7.000E+02 1.553E+00 
7.500E+02 1.523E+00 
8.000E+02 1.497E+00 
8.500E+02 1.475E+00 
9.000E+02 1.455E+00 
9.500E+02 1.439E+00 
1.000E+03 1.424E+00 
1.500E+03 1.348E+00 
2.000E+03 1.329E+00 
2.500E+03 1.329E+00 
3.000E+03 1.337E+00 
4.000E+03 1.361E+00 
5.000E+03 1.386E+00 
6.000E+03 1.410E+00 
7.000E+03 1.433E+00 
8.000E+03 1.453E+00 
9.000E+03 1.471E+00 
1.000E+04 1.488E+00 

