0.01999937
0.019893685
0.019788561
0.019683994
0.019579977
0.019476512
0.019373592
0.019271217
0.019169383
0.019068087
0.018967327
0.018867096
0.0187674
0.018668227
0.018569577
0.018471451
0.018373845
0.018276749
0.018180171
0.018084101
0.01798854
0.017893484
0.017798932
0.017704874
0.017611319
0.017518256
0.017425684
0.017333604
0.017242007
0.017150896
0.017060265
0.016970113
0.01688044
0.016791238
0.016702507
0.016614249
0.016526453
0.016439125
0.016352255
0.016265845
0.016179893
0.016094392
0.016009346
0.015924748
0.015840597
0.015756892
0.015673626
0.015590803
0.015508418
0.015426466
0.015344948
0.015263862
0.015183204
0.01510297
0.015023163
0.014943776
0.01486481
0.014786257
0.014708127
0.014630402
0.014553094
0.014476188
0.014399693
0.014323601
0.014247912
0.014172622
0.014097729
0.014023234
0.01394913
0.013875421
0.013802098
0.013729163
0.013656616
0.013584451
0.013512667
0.013441263
0.013370235
0.013299582
0.013229304
0.013159396
0.01308986
0.013020688
0.012951883
0.012883444
0.012815362
0.012747643
0.012680282
0.012613273
0.012546623
0.012480321
0.012414373
0.012348772
0.012283519
0.01221861
0.012154044
0.012089815
0.012025931
0.011962383
0.01189917
0.011836292
0.011773746
0.011711529
0.011649643
0.011588083
0.011526848
0.011465937
0.011405348
0.011345079
0.011285128
0.011225495
0.011166176
0.01110717
0.011048478
0.010990094
0.01093202
0.010874252
0.01081679
0.01075963
0.010702774
0.010646217
0.010589959
0.010533999
0.010478335
0.010422965
0.010367887
0.0103131
0.010258602
0.010204392
0.010150471
0.010096833
0.010043478
0.0099904062
0.0099376123
0.0098851006
0.0098328646
0.0097809052
0.0097292215
0.0096778087
0.0096266679
0.0095757982
0.0095251985
0.0094748633
0.0094247963
0.009374992
0.0093254531
0.0092761749
0.0092271557
0.0091783982
0.0091298968
0.0090816515
0.0090336623
0.0089859255
0.008938442
0.0088912081
0.0088442238
0.00879749
0.0087510012
0.0087047582
0.0086587602
0.0086130034
0.0085674906
0.0085222172
0.0084771831
0.0084323892
0.0083878301
0.0083435066
0.0082994159
0.00825556
0.0082119349
0.0081685409
0.0081253769
0.0080824401
0.0080397297
0.0079972455
0.0079549858
0.0079129487
0.0078711361
0.0078295423
0.0077881687
0.0077470145
0.0077060768
0.0076653557
0.0076248501
0.0075845579
0.0075444793
0.0075046117
0.0074649556
0.0074255085
0.0073862709
0.0073472387
0.0073084142
0.0072697941
0.0072313789
0.0071931663
0.0071551548
0.0071173469
0.0070797363
0.0070423246
0.0070051108
0.0069680945
0.0069312728
0.0068946462
0.0068582129
0.0068219723
0.0067859236
0.0067500649
0.0067143957
0.0066789147
0.0066436217
0.006608515
0.0065735928
0.0065388572
0.0065043038
0.0064699333
0.0064357445
0.0064017354
0.0063679079
0.0063342578
0.006300786
0.0062674908
0.0062343716
0.0062014274
0.0061686574
0.0061360598
0.0061036358
0.0060713827
0.0060392995
0.0060073868
0.0059756418
0.0059440648
0.0059126546
0.005881411
0.0058503319
0.0058194171
0.0057886657
0.0057580764
0.0057276492
0.0056973826
0.0056672762
0.0056373291
0.0056075398
0.0055779079
0.0055484325
0.005519114
0.0054899487
0.005460938
0.0054320809
0.0054033762
0.0053748232
0.0053464207
0.0053181695
0.0052900668
0.0052621136
0.0052343067
0.0052066464
0.0051791333
0.0051517659
0.0051245419
0.0050974628
0.0050705266
0.005043732
0.0050170803
0.0049905684
0.0049641966
0.0049379645
0.0049118707
0.0048859157
0.0048600966
0.0048344149
0.0048088683
0.0047834571
0.0047581801
0.0047330367
0.0047080256
0.0046831472
0.0046584001
0.0046337838
0.0046092975
0.0045849411
0.0045607127
0.0045366124
0.0045126397
0.0044887937
0.0044650738
0.0044414792
0.0044180094
0.0043946635
0.0043714405
0.0043483409
0.0043253629
0.0043025063
0.0042797709
0.0042571556
0.00423466
0.0042122826
0.0041900235
0.0041678823
0.0041458579
0.0041239504
0.0041021579
0.0040804814
0.0040589185
0.0040374701
0.0040161354
0.0039949128
0.0039738026
0.0039528036
0.0039319163
0.003911139
0.0038904711
0.0038699131
0.0038494628
0.0038291216
0.0038088874
0.0037887606
0.0037687395
0.0037488246
0.0037290144
0.0037093093
0.0036897082
0.0036702114
0.0036508166
0.0036315245
0.0036123351
0.003593246
0.0035742586
0.0035553714
0.0035365836
0.0035178955
0.003499306
0.0034808146
0.003462421
0.0034441249
0.003425925
0.0034078215
0.0033898135
0.0033719013
0.0033540828
0.0033363586
0.0033187286
0.0033011916
0.003283747
0.0032663951
0.0032491344
0.0032319652
0.0032148864
0.0031978982
0.0031809995
0.0031641906
0.0031474701
0.003130838
0.0031142933
0.0030978371
0.0030814672
0.0030651835
0.0030489867
0.0030328748
0.0030168481
0.0030009062
0.0029850486
0.002969275
0.0029535843
0.002937977
0.0029224518
0.0029070086
0.0028916472
0.002876367
0.0028611675
0.0028460482
0.002831009
0.0028160491
0.0028011685
0.0027863665
0.0027716423
0.0027569963
0.0027424272
0.0027279358
0.0027135201
0.0026991814
0.0026849182
0.0026707307
0.0026566177
0.0026425794
0.0026286151
0.0026147251
0.002600908
0.0025871638
0.0025734929
0.0025598935
0.0025463668
0.0025329108
0.0025195263
0.0025062126
0.0024929689
0.0024797956
0.0024666914
0.0024536569
0.002440691
0.0024277938
0.0024149646
0.0024022034
0.0023895092
0.0023768826
0.0023643223
0.0023518286
0.0023394008
0.0023270391
0.002314742
0.0023025107
0.0022903432
0.0022782406
0.0022662017
0.0022542267
0.0022423146
0.0022304654
0.0022186791
0.0022069551
0.0021952929
0.0021836921
0.0021721532
0.0021606749
0.0021492573
0.0021378999
0.0021266029
0.0021153651
0.0021041869
0.0020930681
0.0020820075
0.0020710058
0.002060062
0.002049176
0.0020383473
0.0020275763
0.0020168622
0.0020062043
0.0019956031
0.0019850577
0.0019745682
0.0019641339
0.001953755
0.0019434309
0.0019331612
0.001922946
0.0019127845
0.0019026769
0.0018926226
0.0018826213
0.0018726729
0.0018627775
0.001852934
0.0018431424
0.001833403
0.0018237146
0.0018140777
0.0018044916
0.0017949562
0.0017854711
0.0017760362
0.0017666513
0.0017573156
0.0017480296
0.0017387925
0.0017296043
0.0017204644
0.0017113733
0.0017023297
0.0016933342
0.0016843862
0.0016754854
0.0016666317
0.0016578246
0.0016490642
0.0016403503
0.0016316822
0.0016230599
0.0016144832
0.0016059518
0.0015974655
0.001589024
0.0015806272
0.0015722748
0.0015639664
0.001555702
0.0015474813
0.0015393039
0.0015311699
0.0015230787
0.0015150304
0.0015070245
0.001499061
0.0014911395
0.00148326
0.0014754219
0.0014676254
0.0014598701
0.0014521558
0.0014444822
0.0014368491
0.0014292563
0.001421704
0.0014141912
0.0014067182
0.0013992847
0.0013918903
0.0013845352
0.0013772189
0.0013699415
0.0013627023
0.0013555016
0.0013483387
0.0013412136
0.0013341261
0.0013270765
0.0013200637
0.0013130882
0.0013061495
0.0012992474
0.0012923819
0.0012855525
0.0012787592
0.001272002
0.0012652804
0.0012585943
0.0012519434
0.001245328
0.0012387473
0.0012322015
0.0012256901
0.0012192134
0.0012127706
0.0012063619
0.0011999871
0.0011936461
0.0011873386
0.0011810645
0.0011748233
0.0011686152
0.0011624399
0.0011562973
0.0011501872
0.0011441092
0.0011380634
0.0011320496
0.0011260674
0.001120117
0.001114198
0.0011083102
0.0011024537
0.001096628
0.0010908332
0.0010850689
0.0010793351
0.0010736317
0.0010679582
0.0010623148
0.0010567013
0.0010511174
0.001045563
0.0010400378
0.0010345421
0.0010290754
0.0010236374
0.0010182281
0.0010128476
0.0010074954
0.0010021715
0.00099687569
0.0009916079
0.00098636805
0.00098115578
0.00097597117
0.00097081379
0.0009656839
0.00096058083
0.00095550489
0.00095045572
0.00094543333
0.00094043737
0.00093546777
0.00093052461
0.0009256074
0.00092071627
0.00091585092
0.0009110113
0.00090619735
0.00090140873
0.00089664542
0.00089190732
0.0008871943
0.00088250596
0.0008778426
0.00087320386
0.00086858968
0.00086399971
0.00085943413
0.00085489271
0.00085037516
0.00084588153
0.00084141176
0.00083696534
0.00083254266
0.00082814321
0.00082376716
0.0008194141
0.00081508415
0.00081077707
0.0008064927
0.00080223079
0.00079799176
0.0007937749
0.00078958034
0.00078540808
0.0007812577
0.00077712932
0.00077302271
0.00076893787
0.00076487463
0.00076083274
0.00075681234
0.00075281312
0.0007488351
0.00074487797
0.00074094185
0.00073702651
0.00073313189
0.00072925782
0.00072540418
0.00072157098
0.00071775803
0.00071396516
0.00071019237
0.00070643949
0.00070270646
0.00069899316
0.00069529953
0.00069162541
0.00068797066
0.00068433519
0.00068071898
0.00067712186
0.00067354384
0.00066998461
0.00066644419
0.00066292263
0.0006594194
0.00065593497
0.00065246876
0.00064902101
0.00064559141
0.00064217992
0.00063878647
0.00063541089
0.00063205324
0.00062871329
0.00062539097
0.00062208623
0.00061879901
0.00061552908
0.00061227637
0.00060904102
0.00060582266
0.00060262129
0.00059943693
0.00059626932
0.00059311849
0.00058998424
0.00058686658
0.0005837655
0.00058068067
0.00057761226
0.00057455996
0.00057152373
0.00056850375
0.00056549959
0.00056251127
0.00055953889
0.00055658218
0.000553641
0.00055071537
0.00054780528
0.00054491049
0.00054203102
0.00053916679
0.0005363177
0.00053348369
0.00053066458
0.00052786036
0.00052507105
0.00052229647
0.00051953649
0.00051679107
0.00051406026
0.00051134382
0.00050864171
0.00050595391
0.00050328032
0.00050062081
0.00049797539
0.00049534399
0.00049272645
0.00049012277
0.00048753279
0.00048495654
0.00048239387
0.00047984481
0.00047730916
0.00047478688
0.00047227807
0.00046978239
0.00046729992
0.00046483058
0.0004623743
0.00045993098
0.0004575006
0.00045508303
0.00045267824
0.0004502862
0.00044790673
0.00044553989
0.0004431855
0.00044084361
0.00043851408
0.0004361968
0.00043389187
0.00043159904
0.00042931837
0.00042704973
0.00042479305
0.00042254839
0.00042031548
0.00041809442
0.00041588509
0.00041368746
0.00041150139
0.00040932692
0.0004071639
0.00040501237
0.00040287216
0.00040074327
0.00039862565
0.0003965192
0.00039442387
0.00039233963
0.00039026642
0.00038820415
0.00038615277
0.00038411224
0.00038208245
0.00038006343
0.00037805506
0.00037605732
0.00037407014
0.00037209346
0.00037012718
0.00036817131
0.00036622587
0.00036429061
0.00036236556
0.00036045074
0.00035854598
0.00035665135
0.00035476667
0.00035289204
0.00035102724
0.00034917236
0.00034732724
0.00034549183
0.00034366615
0.00034185016
0.00034004371
0.00033824681
0.00033645946
0.00033468148
0.00033291295
0.00033115374
0.00032940382
0.00032766318
0.0003259317
0.00032420942
0.00032249617
0.00032079205
0.00031909687
0.00031741071
0.0003157334
0.00031406499
0.00031240538
0.00031075452
0.00030911242
0.00030747897
0.00030585416
0.00030423797
0.00030263027
0.0003010311
0.00029944035
0.00029785803
0.0002962841
0.00029471845
0.00029316108
0.00029161191
0.00029007092
0.00028853817
0.00028701342
0.00028549676
0.00028398813
0.00028248745
0.00028099475
0.00027950987
0.00027803288
0.00027656366
0.00027510221
0.0002736485
0.00027220245
0.00027076408
0.00026933328
0.00026791004
0.00026649435
0.00026508613
0.0002636853
0.00026229193
0.00026090592
0.00025952724
0.00025815578
0.00025679162
0.00025543466
0.00025408488
0.0002527422
0.00025140669
0.00025007818
0.00024875673
0.00024744219
0.00024613464
0.00024483399
0.00024354023
0.0002422533
0.00024097315
0.00023969982
0.00023843315
0.00023717321
0.00023591993
0.00023467325
0.00023343319
0.00023219966
0.00023097267
0.00022975213
0.00022853808
0.0002273304
0.00022612912
0.00022493419
0.00022374561
0.00022256323
0.00022138715
0.00022021729
0.0002190536
0.00021789606
0.00021674465
0.0002155993
0.00021446001
0.00021332674
0.00021219946
0.00021107814
0.00020996277
0.00020885326
0.00020774962
0.00020665181
0.00020555982
0.00020447359
0.00020339308
0.0002023183
0.00020124919
0.00020018572
0.0001991279
0.00019807565
0.00019702896
0.0001959878
0.00019495217
0.00019392197
0.00019289723
0.0001918779
0.00019086397
0.00018985539
0.00018885215
0.0001878542
0.00018686152
0.00018587412
0.00018489191
0.00018391488
0.00018294301
0.00018197628
0.00018101468
0.00018005812
0.00017910668
0.00017816022
0.0001772188
0.00017628231
0.00017535078
0.00017442416
0.00017350247
0.00017258564
0.00017167364
0.00017076649
0.00016986408
0.00016896651
0.00016807363
0.00016718548
0.00016630204
0.00016542325
0.00016454911
0.00016367958
0.00016281466
0.00016195429
0.00016109849
0.00016024719
0.00015940041
0.00015855809
0.00015772022
0.00015688679
0.00015605775
0.00015523309
0.00015441282
0.00015359683
0.0001527852
0.00015197783
0.00015117474
0.0001503759
0.00014958128
0.00014879084
0.00014800459
0.00014722248
0.00014644454
0.00014567067
0.0001449009
0.00014413522
0.00014337357
0.00014261594
0.00014186231
0.00014111269
0.000140367
0.00013962526
0.00013888745
0.00013815353
0.00013742349
0.0001366973
0.00013597496
0.00013525641
0.0001345417
0.00013383073
0.00013312354
0.00013242009
0.00013172034
0.00013102428
0.00013033191
0.0001296432
0.00012895814
0.00012827668
0.00012759885
0.00012692457
0.00012625387
0.00012558671
0.00012492307
0.00012426294
0.00012360631
0.00012295313
0.00012230341
0.00012165714
0.00012101426
0.0001203748
0.0001197387
0.00011910597
0.00011847658
0.00011785051
0.00011722776
0.00011660829
0.00011599212
0.00011537917
0.00011476948
0.00011416301
0.00011355974
0.00011295966
0.00011236274
0.000111769
0.00011117837
0.00011059087
0.00011000648
0.00010942517
0.00010884695
0.00010827176
0.00010769963
0.00010713052
0.00010656441
0.00010600129
0.00010544115
0.00010488397
0.00010432974
0.00010377843
0.00010323004
0.00010268454
0.00010214192
0.00010160219
0.00010106528
0.00010053123
9.9999997e-05
