12.2	3.2	    0.5	    4.23E-02	1.14E-03	4.00E-02	3.67E-01
12.3	5.6	    0.9	    1.17E-01	3.16E-03	1.10E-01	1.01E+00
12.4	8.0	    1.2	    2.24E-01	6.05E-03	2.11E-01	1.94E+00
12.5	10.4	1.6	    3.64E-01	9.84E-03	3.44E-01	3.15E+00
12.6	12.9	2.0	    5.38E-01	1.45E-02	5.08E-01	4.66E+00
12.7	15.3	2.4	    7.47E-01	2.02E-02	7.05E-01	6.47E+00
12.8	17.8	2.8	    9.91E-01	2.68E-02	9.36E-01	8.58E+00
12.9	20.4	3.2	    1.27E+00	3.43E-02	1.20E+00	1.10E+01
13	    22.9	3.7 	1.59E+00	4.29E-02	1.50E+00	1.38E+01
13.1	25.5	4.1	    1.94E+00	5.25E-02	1.83E+00	1.68E+01
13.2	28.1	4.5	    2.34E+00	6.31E-02	2.21E+00	2.02E+01
13.3	30.8	4.9	    2.77E+00	7.48E-02	2.61E+00	2.40E+01
13.4	33.4	5.3	    3.24E+00	8.75E-02	3.06E+00	2.81E+01
13.5	36.1	5.8	    3.75E+00	1.01E-01	3.54E+00	3.25E+01
13.6	38.9	6.2	    4.31E+00	1.16E-01	4.07E+00	3.73E+01
13.7	41.6	6.6	    4.90E+00	1.32E-01	4.63E+00	4.25E+01
13.8	44.4	7.1	    5.54E+00	1.50E-01	5.23E+00	4.80E+01
13.9	47.2	7.5	    6.22E+00	1.68E-01	5.88E+00	5.39E+01
14	    50.1	6.5	    6.95E+00	1.88E-01	6.57E+00	6.02E+01
14.1	53.0	6.9	    7.73E+00	2.09E-01	7.30E+00	6.70E+01
14.2	55.9	7.3	    8.55E+00	2.31E-01	8.07E+00	7.41E+01
14.3	58.8	7.7	    9.41E+00	2.54E-01	8.89E+00	8.16E+01
14.4	61.8	8.1	    1.03E+01	2.79E-01	9.76E+00	8.95E+01
14.5	64.8	8.5	    1.13E+01	3.05E-01	1.07E+01	9.79E+01
14.6	67.8	8.9	    1.23E+01	3.33E-01	1.16E+01	1.07E+02
14.7	70.9	9.3	    1.34E+01	3.61E-01	1.26E+01	1.16E+02
14.8	74.0	9.7	    1.45E+01	3.92E-01	1.37E+01	1.26E+02
14.9	77.1	10.1    1.57E+01	4.23E-01	1.48E+01	1.36E+02
15	    80.3	9.0	    1.69E+01	4.56E-01	1.59E+01	1.46E+02
15.1	83.5	9.3 	1.82E+01	4.91E-01	1.72E+01	1.57E+02
15.2	86.7	9.7	    1.95E+01	5.27E-01	1.84E+01	1.69E+02
15.3	90.0	10.1	2.09E+01	5.65E-01	1.97E+01	1.81E+02
15.4	93.3	10.4	2.23E+01	6.04E-01	2.11E+01	1.94E+02
15.5	96.6	10.8	2.38E+01	6.44E-01	2.25E+01	2.07E+02
15.6	99.9	11.2	2.54E+01	6.87E-01	2.40E+01	2.20E+02
15.7	103.3	11.5	2.70E+01	7.30E-01	2.55E+01	2.34E+02
15.8	106.7	11.9	2.87E+01	7.76E-01	2.71E+01	2.49E+02
15.9	110.1	12.3	3.05E+01	8.23E-01	2.88E+01	2.64E+02
16	    113.5	11.9	3.23E+01	8.72E-01	3.05E+01	2.80E+02
16.1	117.0	12.3	3.41E+01	9.23E-01	3.22E+01	2.96E+02
16.2	120.4	12.6	3.61E+01	9.75E-01	3.41E+01	3.13E+02
16.3	123.9	13.0	3.81E+01	1.03E+00	3.60E+01	3.30E+02
16.4	127.5	13.4	4.01E+01	1.08E+00	3.79E+01	3.48E+02
16.5	131.0	13.7	4.23E+01	1.14E+00	3.99E+01	3.66E+02
16.6	134.5	14.1	4.45E+01	1.20E+00	4.20E+01	3.85E+02
16.7	138.1	14.5	4.67E+01	1.26E+00	4.41E+01	4.05E+02
16.8	141.6	14.9	4.91E+01	1.33E+00	4.64E+01	4.25E+02
16.9	145.2	15.2	5.15E+01	1.39E+00	4.86E+01	4.46E+02
17	    148.8	15.5	5.40E+01	1.46E+00	5.10E+01	4.68E+02
17.1	152.4	15.9	5.65E+01	1.53E+00	5.34E+01	4.90E+02
17.2	156.0	16.2	5.91E+01	1.60E+00	5.58E+01	5.12E+02
17.3	159.5	16.6	6.18E+01	1.67E+00	5.84E+01	5.36E+02
17.4	163.1	17.0	6.46E+01	1.74E+00	6.10E+01	5.59E+02
17.5	166.7	17.3	6.74E+01	1.82E+00	6.36E+01	5.84E+02
17.6	170.2	17.7	7.03E+01	1.90E+00	6.64E+01	6.09E+02
17.7	173.7	18.1	7.32E+01	1.98E+00	6.92E+01	6.35E+02
17.8	177.2	18.4	7.63E+01	2.06E+00	7.20E+01	6.61E+02
17.9	180.7	18.8	7.94E+01	2.15E+00	7.50E+01	6.88E+02
18	    184.2	19.0	8.26E+01	2.23E+00	7.80E+01	7.16E+02
18.1	187.6	19.4	8.58E+01	2.32E+00	8.11E+01	7.44E+02
18.2	191.0	19.7	8.92E+01	2.41E+00	8.42E+01	7.73E+02
18.3	194.4	20.1	9.26E+01	2.50E+00	8.74E+01	8.02E+02
18.4	197.7	20.4	9.60E+01	2.60E+00	9.07E+01	8.32E+02
18.5	201.0	20.8	9.96E+01	2.69E+00	9.41E+01	8.63E+02
18.6	204.2	21.1	1.03E+02	2.79E+00	9.75E+01	8.94E+02
18.7	207.4	21.4	1.07E+02	2.89E+00	1.01E+02	9.26E+02
18.8	210.5	21.7	1.11E+02	2.99E+00	1.04E+02	9.59E+02
18.9	213.6	22.1	1.14E+02	3.09E+00	1.08E+02	9.92E+02
19	    216.6	21.6	1.18E+02	3.20E+00	1.12E+02	1.03E+03
19.1	219.5	21.9	1.22E+02	3.31E+00	1.16E+02	1.06E+03
19.2	222.4	22.1	1.26E+02	3.41E+00	1.19E+02	1.09E+03
19.3	225.1	22.4	1.30E+02	3.52E+00	1.23E+02	1.13E+03
19.4	227.9	22.7	1.35E+02	3.64E+00	1.27E+02	1.17E+03
19.5	230.5	22.9	1.39E+02	3.75E+00	1.31E+02	1.20E+03
19.6	233.0	23.2	1.43E+02	3.87E+00	1.35E+02	1.24E+03
19.7	235.5	23.4	1.47E+02	3.98E+00	1.39E+02	1.28E+03
19.8	237.9	23.7	1.52E+02	4.10E+00	1.43E+02	1.32E+03
19.9	240.1	23.9	1.56E+02	4.22E+00	1.48E+02	1.35E+03
20	    242.3	22.5	1.61E+02	4.35E+00	1.52E+02	1.39E+03
20.1	244.4	22.7	1.65E+02	4.47E+00	1.56E+02	1.43E+03
20.2	246.4	22.9	1.70E+02	4.59E+00	1.61E+02	1.47E+03
20.3	248.2	23.0	1.75E+02	4.72E+00	1.65E+02	1.51E+03
20.4	250.0	23.2	1.79E+02	4.85E+00	1.69E+02	1.55E+03
20.5	251.7	23.4	1.84E+02	4.98E+00	1.74E+02	1.60E+03
20.6	253.2	23.5	1.89E+02	5.11E+00	1.78E+02	1.64E+03
20.7	254.7	23.6	1.94E+02	5.24E+00	1.83E+02	1.68E+03
20.8	256.0	23.8	1.99E+02	5.37E+00	1.88E+02	1.72E+03
20.9	257.3	23.9	2.04E+02	5.50E+00	1.92E+02	1.76E+03
21	    258.4	22.0	2.09E+02	5.64E+00	1.97E+02	1.81E+03
21.1	259.4	22.1	2.14E+02	5.77E+00	2.02E+02	1.85E+03
21.2	260.3	22.1	2.19E+02	5.91E+00	2.07E+02	1.90E+03
21.3	261.1	22.2	2.24E+02	6.05E+00	2.11E+02	1.94E+03
21.4	261.7	22.3	2.29E+02	6.19E+00	2.16E+02	1.98E+03
21.5	262.3	22.3	2.34E+02	6.33E+00	2.21E+02	2.03E+03
21.6	262.7	22.3	2.39E+02	6.46E+00	2.26E+02	2.07E+03
21.7	263.0	22.4	2.44E+02	6.61E+00	2.31E+02	2.12E+03
21.8	263.3	22.4	2.50E+02	6.75E+00	2.36E+02	2.16E+03
21.9	263.4	22.4	2.55E+02	6.89E+00	2.41E+02	2.21E+03
22	    263.4	20.6	2.60E+02	7.03E+00	2.46E+02	2.25E+03
22.1	263.3	20.6	2.65E+02	7.17E+00	2.51E+02	2.30E+03
22.2	263.1	20.6	2.71E+02	7.31E+00	2.56E+02	2.35E+03
22.3	262.8	20.6	2.76E+02	7.46E+00	2.61E+02	2.39E+03
22.4	262.4	20.5	2.81E+02	7.60E+00	2.66E+02	2.44E+03
22.5	261.9	20.5	2.87E+02	7.74E+00	2.71E+02	2.48E+03
22.6	261.3	20.5	2.92E+02	7.89E+00	2.76E+02	2.53E+03
22.7	260.6	20.4	2.97E+02	8.03E+00	2.81E+02	2.57E+03
22.8	259.9	20.3	3.02E+02	8.17E+00	2.86E+02	2.62E+03
22.9	259.0	20.3	3.08E+02	8.32E+00	2.91E+02	2.67E+03
23	    258.1	18.9	3.13E+02	8.46E+00	2.96E+02	2.71E+03
23.1	257.1	18.8	3.18E+02	8.60E+00	3.01E+02	2.76E+03
23.2	256.0	18.7	3.24E+02	8.75E+00	3.06E+02	2.80E+03
23.3	254.8	18.7	3.29E+02	8.89E+00	3.11E+02	2.85E+03
23.4	253.5	18.6	3.34E+02	9.03E+00	3.16E+02	2.90E+03
23.5	252.2	18.5	3.40E+02	9.18E+00	3.21E+02	2.94E+03
23.6	250.8	18.4	3.45E+02	9.32E+00	3.26E+02	2.99E+03
23.7	249.4	18.3	3.50E+02	9.46E+00	3.31E+02	3.03E+03
23.8	247.9	18.2	3.55E+02	9.60E+00	3.35E+02	3.08E+03
23.9	246.3	18.0	3.60E+02	9.74E+00	3.40E+02	3.12E+03
24	    244.7	17.1	3.66E+02	9.88E+00	3.45E+02	3.17E+03
24.1	243.1	17.0	3.71E+02	1.00E+01	3.50E+02	3.21E+03
24.2	241.4	16.9	3.76E+02	1.02E+01	3.55E+02	3.26E+03
24.3	239.6	16.7	3.81E+02	1.03E+01	3.60E+02	3.30E+03
24.4	237.8	16.6	3.86E+02	1.04E+01	3.65E+02	3.35E+03
24.5	236.0	16.5	3.91E+02	1.06E+01	3.70E+02	3.39E+03
24.6	234.1	16.4	3.96E+02	1.07E+01	3.74E+02	3.43E+03
24.7	232.2	16.2	4.01E+02	1.08E+01	3.79E+02	3.48E+03
24.8	230.3	16.1	4.06E+02	1.10E+01	3.84E+02	3.52E+03
24.9	228.3	16.0	4.11E+02	1.11E+01	3.88E+02	3.56E+03
25	    226.3	15.2	4.16E+02	1.12E+01	3.93E+02	3.61E+03
25.1	224.3	15.1	4.21E+02	1.14E+01	3.98E+02	3.65E+03
25.2	222.3	15.0	4.26E+02	1.15E+01	4.02E+02	3.69E+03
25.3	220.3	14.8	4.31E+02	1.16E+01	4.07E+02	3.73E+03
25.4	218.2	14.7	4.36E+02	1.18E+01	4.12E+02	3.78E+03
25.5	216.2	14.5	4.41E+02	1.19E+01	4.16E+02	3.82E+03
25.6	214.1	14.4	4.45E+02	1.20E+01	4.21E+02	3.86E+03
25.7	212.0	14.3	4.50E+02	1.22E+01	4.25E+02	3.90E+03
25.8	209.9	14.1	4.55E+02	1.23E+01	4.29E+02	3.94E+03
25.9	207.8	14.0	4.59E+02	1.24E+01	4.34E+02	3.98E+03
26	    205.7	13.4	4.64E+02	1.25E+01	4.38E+02	4.02E+03
26.1	203.6	13.3	4.69E+02	1.27E+01	4.43E+02	4.06E+03
26.2	201.5	13.1	4.73E+02	1.28E+01	4.47E+02	4.10E+03
26.3	199.4	13.0	4.78E+02	1.29E+01	4.51E+02	4.14E+03
26.4	197.3	12.9	4.82E+02	1.30E+01	4.55E+02	4.18E+03
26.5	195.2	12.7	4.87E+02	1.31E+01	4.60E+02	4.22E+03
26.6	193.1	12.6	4.91E+02	1.33E+01	4.64E+02	4.25E+03
26.7	191.0	12.5	4.95E+02	1.34E+01	4.68E+02	4.29E+03
26.8	189.0	12.3	5.00E+02	1.35E+01	4.72E+02	4.33E+03
26.9	186.9	12.2	5.04E+02	1.36E+01	4.76E+02	4.37E+03
27	184.9	11.7	5.08E+02	1.37E+01	4.80E+02	4.40E+03
27.1	182.8	11.6	5.12E+02	1.39E+01	4.84E+02	4.44E+03
27.2	180.8	11.4	5.17E+02	1.40E+01	4.88E+02	4.48E+03
27.3	178.8	11.3	5.21E+02	1.41E+01	4.92E+02	4.51E+03
27.4	176.8	11.2	5.25E+02	1.42E+01	4.96E+02	4.55E+03
27.5	174.8	11.1	5.29E+02	1.43E+01	5.00E+02	4.58E+03
27.6	172.8	10.9	5.33E+02	1.44E+01	5.03E+02	4.62E+03
27.7	170.8	10.8	5.37E+02	1.45E+01	5.07E+02	4.65E+03
27.8	168.9	10.7	5.41E+02	1.46E+01	5.11E+02	4.69E+03
27.9	167.0	10.6	5.45E+02	1.47E+01	5.15E+02	4.72E+03
28	165.0	10.2	5.49E+02	1.48E+01	5.18E+02	4.76E+03
28.1	163.1	10.1	5.53E+02	1.49E+01	5.22E+02	4.79E+03
28.2	161.3	10.0	5.57E+02	1.50E+01	5.26E+02	4.82E+03
28.3	159.4	9.9	5.60E+02	1.51E+01	5.29E+02	4.86E+03
28.4	157.6	9.8	5.64E+02	1.52E+01	5.33E+02	4.89E+03
28.5	155.7	9.6	5.68E+02	1.54E+01	5.36E+02	4.92E+03
28.6	153.9	9.5	5.72E+02	1.55E+01	5.40E+02	4.95E+03
28.7	152.1	9.4	5.75E+02	1.55E+01	5.43E+02	4.99E+03
28.8	150.4	9.3	5.79E+02	1.56E+01	5.47E+02	5.02E+03
28.9	148.6	9.2	5.83E+02	1.57E+01	5.50E+02	5.05E+03
29	146.9	9.0	5.86E+02	1.58E+01	5.54E+02	5.08E+03
29.1	145.2	8.9	5.90E+02	1.59E+01	5.57E+02	5.11E+03
29.2	143.5	8.7	5.93E+02	1.60E+01	5.60E+02	5.14E+03
29.3	141.8	8.6	5.97E+02	1.61E+01	5.64E+02	5.17E+03
29.4	140.2	8.5	6.00E+02	1.62E+01	5.67E+02	5.20E+03
29.5	138.5	8.4	6.04E+02	1.63E+01	5.70E+02	5.23E+03
29.6	136.9	8.3	6.07E+02	1.64E+01	5.73E+02	5.26E+03
29.7	135.3	8.3	6.10E+02	1.65E+01	5.76E+02	5.29E+03
29.8	133.8	8.2	6.14E+02	1.66E+01	5.79E+02	5.32E+03
29.9	132.2	8.1	6.17E+02	1.67E+01	5.83E+02	5.35E+03
30	130.7	7.9	6.20E+02	1.68E+01	5.86E+02	5.37E+03
30.1	129.1	7.8	6.23E+02	1.68E+01	5.89E+02	5.40E+03
30.2	127.7	7.7	6.26E+02	1.69E+01	5.92E+02	5.43E+03
30.3	126.2	7.6	6.30E+02	1.70E+01	5.95E+02	5.46E+03
30.4	124.7	7.5	6.33E+02	1.71E+01	5.98E+02	5.48E+03
30.5	123.3	7.4	6.36E+02	1.72E+01	6.01E+02	5.51E+03
30.6	121.9	7.3	6.39E+02	1.73E+01	6.03E+02	5.54E+03
30.7	120.5	7.3	6.42E+02	1.74E+01	6.06E+02	5.56E+03
30.8	119.1	7.2	6.45E+02	1.74E+01	6.09E+02	5.59E+03
30.9	117.7	7.1	6.48E+02	1.75E+01	6.12E+02	5.62E+03
31  	116.4	7.0	6.51E+02	1.76E+01	6.15E+02	5.64E+03
31.1	115.0	6.9	6.54E+02	1.77E+01	6.18E+02	5.67E+03
31.2	113.7	6.8	6.57E+02	1.78E+01	6.20E+02	5.69E+03
31.3	112.4	6.8	6.60E+02	1.78E+01	6.23E+02	5.72E+03
31.4	111.1	6.7	6.63E+02	1.79E+01	6.26E+02	5.74E+03
31.5	109.9	6.6	6.66E+02	1.80E+01	6.29E+02	5.77E+03
31.6	108.6	6.5	6.68E+02	1.81E+01	6.31E+02	5.79E+03
31.7	107.4	6.5	6.71E+02	1.81E+01	6.34E+02	5.82E+03
31.8	106.2	6.4	6.74E+02	1.82E+01	6.36E+02	5.84E+03
31.9	105.0	6.3	6.77E+02	1.83E+01	6.39E+02	5.86E+03
32  	103.8	6.3	6.79E+02	1.84E+01	6.42E+02	5.89E+03
32.1	102.6	6.2	6.82E+02	1.84E+01	6.44E+02	5.91E+03
32.2	101.5	6.1	6.85E+02	1.85E+01	6.47E+02	5.93E+03
32.3	100.3	6.0	6.87E+02	1.86E+01	6.49E+02	5.96E+03
32.4	99.2	6.0	6.90E+02	1.86E+01	6.52E+02	5.98E+03
32.5	98.1	5.9	6.93E+02	1.87E+01	6.54E+02	6.00E+03
32.6	97.0	5.8	6.95E+02	1.88E+01	6.57E+02	6.02E+03
32.7	96.0	5.8	6.98E+02	1.89E+01	6.59E+02	6.05E+03
32.8	94.9	5.7	7.00E+02	1.89E+01	6.61E+02	6.07E+03
32.9	93.9	5.7	7.03E+02	1.90E+01	6.64E+02	6.09E+03
33  	92.8	5.6	7.05E+02	1.91E+01	6.66E+02	6.11E+03
33.1	91.8	5.5	7.08E+02	1.91E+01	6.69E+02	6.13E+03
33.2	90.8	5.5	7.10E+02	1.92E+01	6.71E+02	6.16E+03
33.3	89.8	5.4	7.13E+02	1.93E+01	6.73E+02	6.18E+03
33.4	88.8	5.4	7.15E+02	1.93E+01	6.76E+02	6.20E+03
33.5	87.9	5.3	7.18E+02	1.94E+01	6.78E+02	6.22E+03
33.6	86.9	5.2	7.20E+02	1.95E+01	6.80E+02	6.24E+03
33.7	86.0	5.2	7.22E+02	1.95E+01	6.82E+02	6.26E+03
33.8	85.1	5.1	7.25E+02	1.96E+01	6.84E+02	6.28E+03
33.9	84.1	5.1	7.27E+02	1.96E+01	6.87E+02	6.30E+03
34      83.2	5.0	7.29E+02	1.97E+01	6.89E+02	6.32E+03
34.1	82.4	5.0	7.32E+02	1.98E+01	6.91E+02	6.34E+03
34.2	81.5	4.9	7.34E+02	1.98E+01	6.93E+02	6.36E+03
34.3	80.6	4.9	7.36E+02	1.99E+01	6.95E+02	6.38E+03
34.4	79.8	4.8	7.38E+02	2.00E+01	6.97E+02	6.40E+03
34.5	78.9	4.8	7.40E+02	2.00E+01	6.99E+02	6.42E+03
34.6	78.1	4.7	7.43E+02	2.01E+01	7.01E+02	6.44E+03
34.7	77.3	4.7	7.45E+02	2.01E+01	7.03E+02	6.45E+03
34.8	76.5	4.6	7.47E+02	2.02E+01	7.05E+02	6.47E+03
34.9	75.7	4.6	7.49E+02	2.02E+01	7.07E+02	6.49E+03
35      74.9	4.6	7.51E+02	2.03E+01	7.09E+02	6.51E+03
35.1	74.1	4.5	7.53E+02	2.04E+01	7.11E+02	6.53E+03
35.2	73.3	4.5	7.55E+02	2.04E+01	7.13E+02	6.54E+03
35.3	72.6	4.4	7.57E+02	2.05E+01	7.15E+02	6.56E+03
35.4	71.8	4.4	7.59E+02	2.05E+01	7.17E+02	6.58E+03
35.5	71.1	4.4	7.61E+02	2.06E+01	7.19E+02	6.60E+03
35.6	70.4	4.3	7.63E+02	2.06E+01	7.21E+02	6.61E+03
35.7	69.6	4.3	7.65E+02	2.07E+01	7.22E+02	6.63E+03
35.8	68.9	4.2	7.67E+02	2.07E+01	7.24E+02	6.65E+03
35.9	68.2	4.2	7.69E+02	2.08E+01	7.26E+02	6.66E+03
36      67.5	4.1	7.71E+02	2.08E+01	7.28E+02	6.68E+03
36.1	66.9	4.1	7.73E+02	2.09E+01	7.30E+02	6.70E+03
36.2	66.2	4.1	7.74E+02	2.09E+01	7.31E+02	6.71E+03
36.3	65.5	4.0	7.76E+02	2.10E+01	7.33E+02	6.73E+03
36.4	64.9	4.0	7.78E+02	2.10E+01	7.35E+02	6.74E+03
36.5	64.2	3.9	7.80E+02	2.11E+01	7.37E+02	6.76E+03
36.6	63.6	3.9	7.82E+02	2.11E+01	7.38E+02	6.77E+03
36.7	62.9	3.9	7.84E+02	2.12E+01	7.40E+02	6.79E+03
36.8	62.3	3.8	7.85E+02	2.12E+01	7.42E+02	6.81E+03
36.9	61.7	3.8	7.87E+02	2.13E+01	7.43E+02	6.82E+03
37      61.1	3.7	7.89E+02	2.13E+01	7.45E+02	6.84E+03
37.1	60.5	3.7	7.91E+02	2.14E+01	7.47E+02	6.85E+03
37.2	59.9	3.7	7.92E+02	2.14E+01	7.48E+02	6.87E+03
37.3	59.3	3.6	7.94E+02	2.15E+01	7.50E+02	6.88E+03
37.4	58.8	3.6	7.96E+02	2.15E+01	7.52E+02	6.90E+03
37.5	58.2	3.6	7.98E+02	2.16E+01	7.53E+02	6.91E+03
37.6	57.6	3.5	7.99E+02	2.16E+01	7.55E+02	6.93E+03
37.7	57.1	3.5	8.01E+02	2.16E+01	7.56E+02	6.94E+03
37.8	56.5	3.5	8.03E+02	2.17E+01	7.58E+02	6.96E+03
37.9	56.0	3.4	8.04E+02	2.17E+01	7.60E+02	6.97E+03
38      55.5	3.4	8.06E+02	2.18E+01	7.61E+02	6.98E+03
38.1	55.0	3.4	8.08E+02	2.18E+01	7.63E+02	7.00E+03
38.2	54.4	3.3	8.09E+02	2.19E+01	7.64E+02	7.01E+03
38.3	53.9	3.3	8.11E+02	2.19E+01	7.66E+02	7.03E+03
38.4	53.4	3.3	8.13E+02	2.20E+01	7.67E+02	7.04E+03
38.5	52.9	3.2	8.14E+02	2.20E+01	7.69E+02	7.06E+03
38.6	52.4	3.2	8.16E+02	2.20E+01	7.70E+02	7.07E+03
38.7	51.9	3.2	8.17E+02	2.21E+01	7.72E+02	7.08E+03
38.8	51.5	3.2	8.19E+02	2.21E+01	7.73E+02	7.10E+03
38.9	51.0	3.1	8.20E+02	2.22E+01	7.75E+02	7.11E+03
39      50.5	3.1	8.22E+02	2.22E+01	7.76E+02	7.12E+03
39.1	50.1	3.1	8.24E+02	2.23E+01	7.78E+02	7.14E+03
39.2	49.6	3.0	8.25E+02	2.23E+01	7.79E+02	7.15E+03
39.3	49.2	3.0	8.27E+02	2.23E+01	7.81E+02	7.16E+03
39.4	48.7	3.0	8.28E+02	2.24E+01	7.82E+02	7.18E+03
39.5	48.3	3.0	8.30E+02	2.24E+01	7.84E+02	7.19E+03
39.6	47.8	2.9	8.31E+02	2.25E+01	7.85E+02	7.20E+03
39.7	47.4	2.9	8.33E+02	2.25E+01	7.86E+02	7.22E+03
39.8	47.0	2.9	8.34E+02	2.25E+01	7.88E+02	7.23E+03
39.9	46.6	2.9	8.36E+02	2.26E+01	7.89E+02	7.24E+03
40      46.2	3.0	8.37E+02	2.26E+01	7.90E+02	7.25E+03
40.1	45.7	3.0	8.38E+02	2.27E+01	7.92E+02	7.27E+03
40.2	45.3	3.0	8.40E+02	2.27E+01	7.93E+02	7.28E+03
40.3	44.9	2.9	8.41E+02	2.27E+01	7.94E+02	7.29E+03
40.4	44.5	2.9	8.43E+02	2.28E+01	7.96E+02	7.30E+03
40.5	44.2	2.9	8.44E+02	2.28E+01	7.97E+02	7.31E+03
40.6	43.8	2.9	8.45E+02	2.28E+01	7.98E+02	7.33E+03
40.7	43.4	2.8	8.47E+02	2.29E+01	8.00E+02	7.34E+03
40.8	43.0	2.8	8.48E+02	2.29E+01	8.01E+02	7.35E+03
40.9	42.6	2.8	8.49E+02	2.30E+01	8.02E+02	7.36E+03
41	42.3	2.8	8.51E+02	2.30E+01	8.03E+02	7.37E+03
41.1	41.9	2.7	8.52E+02	2.30E+01	8.05E+02	7.38E+03
41.2	41.5	2.7	8.53E+02	2.31E+01	8.06E+02	7.39E+03
41.3	41.2	2.7	8.55E+02	2.31E+01	8.07E+02	7.41E+03
41.4	40.8	2.7	8.56E+02	2.31E+01	8.08E+02	7.42E+03
41.5	40.5	2.7	8.57E+02	2.32E+01	8.09E+02	7.43E+03
41.6	40.1	2.6	8.58E+02	2.32E+01	8.11E+02	7.44E+03
41.7	39.8	2.6	8.60E+02	2.32E+01	8.12E+02	7.45E+03
41.8	39.4	2.6	8.61E+02	2.33E+01	8.13E+02	7.46E+03
41.9	39.1	2.6	8.62E+02	2.33E+01	8.14E+02	7.47E+03
42	38.8	2.5	8.63E+02	2.33E+01	8.15E+02	7.48E+03
42.1	38.4	2.5	8.64E+02	2.34E+01	8.16E+02	7.49E+03
42.2	38.1	2.5	8.66E+02	2.34E+01	8.18E+02	7.50E+03
42.3	37.8	2.5	8.67E+02	2.34E+01	8.19E+02	7.51E+03
42.4	37.5	2.5	8.68E+02	2.35E+01	8.20E+02	7.52E+03
42.5	37.2	2.4	8.69E+02	2.35E+01	8.21E+02	7.53E+03
42.6	36.9	2.4	8.70E+02	2.35E+01	8.22E+02	7.54E+03
42.7	36.6	2.4	8.71E+02	2.36E+01	8.23E+02	7.55E+03
42.8	36.3	2.4	8.73E+02	2.36E+01	8.24E+02	7.56E+03
42.9	36.0	2.4	8.74E+02	2.36E+01	8.25E+02	7.57E+03
43	35.7	2.3	8.75E+02	2.36E+01	8.26E+02	7.58E+03
43.1	35.4	2.3	8.76E+02	2.37E+01	8.27E+02	7.59E+03
43.2	35.1	2.3	8.77E+02	2.37E+01	8.28E+02	7.60E+03
43.3	34.8	2.3	8.78E+02	2.37E+01	8.29E+02	7.61E+03
43.4	34.5	2.3	8.79E+02	2.38E+01	8.30E+02	7.62E+03
43.5	34.2	2.2	8.80E+02	2.38E+01	8.31E+02	7.63E+03
43.6	33.9	2.2	8.81E+02	2.38E+01	8.33E+02	7.64E+03
43.7	33.7	2.2	8.83E+02	2.39E+01	8.34E+02	7.65E+03
43.8	33.4	2.2	8.84E+02	2.39E+01	8.35E+02	7.66E+03
43.9	33.1	2.2	8.85E+02	2.39E+01	8.36E+02	7.67E+03
44	32.9	2.2	8.86E+02	2.39E+01	8.37E+02	7.68E+03
44.1	32.6	2.1	8.87E+02	2.40E+01	8.38E+02	7.68E+03
44.2	32.3	2.1	8.88E+02	2.40E+01	8.39E+02	7.69E+03
44.3	32.1	2.1	8.89E+02	2.40E+01	8.39E+02	7.70E+03
44.4	31.8	2.1	8.90E+02	2.41E+01	8.40E+02	7.71E+03
44.5	31.6	2.1	8.91E+02	2.41E+01	8.41E+02	7.72E+03
44.6	31.3	2.1	8.92E+02	2.41E+01	8.42E+02	7.73E+03
44.7	31.1	2.0	8.93E+02	2.41E+01	8.43E+02	7.74E+03
44.8	30.8	2.0	8.94E+02	2.42E+01	8.44E+02	7.75E+03
44.9	30.6	2.0	8.95E+02	2.42E+01	8.45E+02	7.76E+03
45	30.4	2.8	8.96E+02	2.42E+01	8.46E+02	7.76E+03
45.1	30.1	2.8	8.97E+02	2.42E+01	8.47E+02	7.77E+03
45.2	29.9	2.7	8.98E+02	2.43E+01	8.48E+02	7.78E+03
45.3	29.7	2.7	8.99E+02	2.43E+01	8.49E+02	7.79E+03
45.4	29.4	2.7	9.00E+02	2.43E+01	8.50E+02	7.80E+03
45.5	29.2	2.7	9.01E+02	2.43E+01	8.51E+02	7.81E+03
45.6	29.0	2.6	9.02E+02	2.44E+01	8.52E+02	7.82E+03
45.7	28.8	2.6	9.03E+02	2.44E+01	8.53E+02	7.82E+03
45.8	28.5	2.6	9.04E+02	2.44E+01	8.54E+02	7.83E+03
45.9	28.3	2.6	9.05E+02	2.45E+01	8.55E+02	7.84E+03
46	28.1	2.6	9.06E+02	2.45E+01	8.55E+02	7.85E+03
46.1	27.9	2.5	9.07E+02	2.45E+01	8.56E+02	7.86E+03
46.2	27.7	2.5	9.08E+02	2.45E+01	8.57E+02	7.87E+03
46.3	27.5	2.5	9.09E+02	2.46E+01	8.58E+02	7.87E+03
46.4	27.3	2.5	9.09E+02	2.46E+01	8.59E+02	7.88E+03
46.5	27.0	2.5	9.10E+02	2.46E+01	8.60E+02	7.89E+03
46.6	26.8	2.5	9.11E+02	2.46E+01	8.61E+02	7.90E+03
46.7	26.6	2.4	9.12E+02	2.47E+01	8.62E+02	7.91E+03
46.8	26.4	2.4	9.13E+02	2.47E+01	8.62E+02	7.91E+03
46.9	26.2	2.4	9.14E+02	2.47E+01	8.63E+02	7.92E+03
47	26.1	2.4	9.15E+02	2.47E+01	8.64E+02	7.93E+03
47.1	25.9	2.4	9.16E+02	2.48E+01	8.65E+02	7.94E+03
47.2	25.7	2.3	9.17E+02	2.48E+01	8.66E+02	7.94E+03
47.3	25.5	2.3	9.18E+02	2.48E+01	8.67E+02	7.95E+03
47.4	25.3	2.3	9.19E+02	2.48E+01	8.68E+02	7.96E+03
47.5	25.1	2.3	9.19E+02	2.48E+01	8.68E+02	7.97E+03
47.6	24.9	2.3	9.20E+02	2.49E+01	8.69E+02	7.97E+03
47.7	24.7	2.3	9.21E+02	2.49E+01	8.70E+02	7.98E+03
47.8	24.6	2.2	9.22E+02	2.49E+01	8.71E+02	7.99E+03
47.9	24.4	2.2	9.23E+02	2.49E+01	8.72E+02	8.00E+03
48	24.2	2.2	9.24E+02	2.50E+01	8.72E+02	8.00E+03
48.1	24.0	2.2	9.25E+02	2.50E+01	8.73E+02	8.01E+03
48.2	23.8	2.2	9.25E+02	2.50E+01	8.74E+02	8.02E+03
48.3	23.7	2.2	9.26E+02	2.50E+01	8.75E+02	8.03E+03
48.4	23.5	2.1	9.27E+02	2.51E+01	8.76E+02	8.03E+03
48.5	23.3	2.1	9.28E+02	2.51E+01	8.76E+02	8.04E+03
48.6	23.2	2.1	9.29E+02	2.51E+01	8.77E+02	8.05E+03
48.7	23.0	2.1	9.30E+02	2.51E+01	8.78E+02	8.06E+03
48.8	22.8	2.1	9.30E+02	2.51E+01	8.79E+02	8.06E+03
48.9	22.7	2.1	9.31E+02	2.52E+01	8.79E+02	8.07E+03
49	22.5	2.1	9.32E+02	2.52E+01	8.80E+02	8.08E+03
49.1	22.4	2.0	9.33E+02	2.52E+01	8.81E+02	8.08E+03
49.2	22.2	2.0	9.34E+02	2.52E+01	8.82E+02	8.09E+03
49.3	22.0	2.0	9.34E+02	2.53E+01	8.83E+02	8.10E+03
49.4	21.9	2.0	9.35E+02	2.53E+01	8.83E+02	8.10E+03
49.5	21.7	2.0	9.36E+02	2.53E+01	8.84E+02	8.11E+03
49.6	21.6	2.0	9.37E+02	2.53E+01	8.85E+02	8.12E+03
49.7	21.4	2.0	9.38E+02	2.53E+01	8.85E+02	8.12E+03
49.8	21.3	1.9	9.38E+02	2.54E+01	8.86E+02	8.13E+03
49.9	21.1	1.9	9.39E+02	2.54E+01	8.87E+02	8.14E+03
50	21.0	1.9	9.40E+02	2.54E+01	8.88E+02	8.14E+03
						
						
						
